Node Values (Sensor Index, Latitude, Longitude, Altitude)

Urban
[
  [473,36.72448,-119.70164,317],
  [7284,36.86452,-119.74580,372],
  [15189,36.81641,-119.63992,395],
  [18625,36.81895,-119.71606,357],
  [22751,36.80738,-119.79611,329],
  [37111,36.88140,-119.74869,387],
  [39049,36.89097,-119.76891,352],
  [42327,36.74932,-119.70302,327],
  [46571,36.73728,-119.70873,318],
  [63119,36.65973,-119.59107,345],
  [64483,36.85043,-119.72064,367],
  [67603,36.82034,-119.76121,341],
  [80125,36.86454,-119.74581,371],
  [85495,36.77714,-119.82079,307],
  [85615,36.83982,-119.83463,334],
  [104230,36.72651,-119.73324,309],
  [114721,36.79879,-119.82519,311],
  [119225,36.81943,-119.63145,402],
  [124099,36.87409,-119.74726,383],
  [134022,36.86816,-119.77570,362],
  [155829,36.75627,-119.80107,296],
  [163097,36.81932,-119.85510,316],
  [167071,36.75335,-119.79232,298],
  [189863,36.87185,-119.76775,371],
  [197623,36.76304,-119.79864,295],
  [198161,36.76305,-119.79858,295],
  [198871,36.77409,-119.81482,300],
  [233743,36.81451,-119.75814,300],
  [236357,36.76763,-119.80016,299],
  [237167,36.72937,-119.68072,322],
  [240179,36.76045,-119.80259,299],
  [246355,36.74271,-119.80241,288],
  [246395,36.71642,-119.80082,281],
  [253369,36.80926,-119.74568,339],
  [296839,36.74136,-119.79464,286],
  [306814,36.76821,-119.79112,304],
  [62137,36.84532,-119.73624,358],
  [87251,36.81605,-119.85010,322],
  [123359,36.83295,-119.81529,334],
]
