Node Values (Sensor Index, Latitude, Longitude, Altitude)

Urban
[
  [283804,39.98126,-105.12931,5328],
  [130313,39.97468,-105.13163,5344],
  [124223,39.985016,-105.13926,5409],
  [175953,39.99007,-105.14101,5430],
  [133131,39.98297,-105.14101,5408],
  [125725,39.9675,-105.14105,5385],
  [147456,39.97809,-105.14372,5433],
  [146510,39.980633,-105.14728,5492],
  [65669,39.976864,-105.14769,5459],
  [92321,39.99013,-105.149055,5585],
  [129735,39.976246,-105.14817,5459],
  [129637,39.973495,-105.14866,5437],
  [129117,39.975685,-105.14991,5479],
  [120859,39.975098,-105.150894,5466],
  [130329,39.97972,-105.151306,5545],
  [131967,39.980217,-105.15313,5592],
  [131279,39.98117,-105.15552,5582],
  [129587,39.975918,-105.15255,5498],
  [144040,39.975166,-105.15547,5509],
  [124291,39.97677,-105.15895,5593],
  [129281,39.978428,-105.160484,5611],
  [129243,39.96932,-105.16571,5498],
  [129263,39.96893,-105.16279,5478],
  [180637,39.970036,-105.15942,5476],
  [143464,39.970585,-105.15742,5469],
  [121721,39.96723,-105.15298,5424],
  [133107,39.96425,-105.15158,5431],
  [133319,39.962414,-105.15327,5438],
  [128465,39.95777,-105.149666,5425]
]

Rural Sensors
[
  [251635,39.742023,-105.51218,7543],
  [292607,39.513893,-105.50397,8792],
  [55935,39.639355,-105.41419,7740],
  [113068,39.598106,-105.35681,7768],
  [91953,39.568005,-105.34966,8136],
  [171409,39.4933,-105.34799,8450],
  [293947,39.499447,-105.31284,8463],
  [87247,39.559933,-105.31223,7946],
  [60731,39.594532,-105.30592,8012],
  [291560,39.558235,-105.30972,7963],
  [101027,39.630074,-105.27138,7549],
  [100287,39.660606,-105.32578,7324],
  [69943,39.67369,-105.33528,7563],
  [113084,39.690624,-105.27929,7566],
  [277723,39.719986,-105.255875,7447],
  [102866,39.727352,-105.216644,6037],
  [81953,39.770546,-105.22455,6051],
  [285506,39.408447,-105.32367,6758],
  [285708,39.40649,-105.48218,7766],
  [136348,39.43175,-105.45644,8700],
  [119677,39.717186,-105.21659,6291]
]
