Node Values (Sensor Index, Latitude, Longitude, Altitude)

Urban
[
  [4553,40.83565,-111.88776,5116],
  [5572,40.52231,-111.92919,4414],
  [5758,40.48866,-111.85717,5139],
  [5808,40.64684,-112.02559,4823],
  [6276,40.69194,-111.99147,4296],
  [6352,40.65652,-111.84560,4357],
  [6356,40.77445,-111.88332,4520],
  [9566,40.63356,-111.80854,4622],
  [10808,40.50732,-111.89919,4418],
  [12989,40.50800,-111.84933,4603],
  [13227,40.70310,-112.02363,4259],
  [13307,40.63026,-111.89372,4355],
  [13313,40.70398,-111.92974,4242],
  [18115,40.61586,-111.85935,4518],
  [18469,40.73594,-111.80772,5172],
  [20897,40.78279,-111.94669,4224],
  [34941,40.69103,-111.78707,5158],
  [40713,40.84942,-111.87097,5178],
  [42079,40.67282,-111.78331,5597],
  [42529,40.75166,-111.86353,4333],
  [44157,40.57408,-111.95880,4533],
  [46773,40.67895,-112.03383,4518],
  [46863,40.63352,-112.04344,5013],
  [47171,40.68980,-112.08269,4473],
  [49155,40.73513,-111.88229,4265],
  [83505,40.69101,-112.05327,4390],
  [86147,40.70862,-111.97746,4252],
  [94765,40.71714,-111.80631,5001],
  [101025,40.63488,-111.83598,4449],
  [104574,40.77728,-111.83989,5094],
  [105030,40.79087,-111.86294,5313],
  [106632,40.57614,-111.98359,4649],
  [112594,40.53825,-111.84823,4771],
  [122091,40.66551,-111.81143,4574],
  [129167,40.63348,-111.86767,4397],
  [129727,40.68852,-111.95976,4270],
  [133674,40.68958,-111.91164,4259],
  [133678,40.60941,-111.88701,4406],
  [133792,40.65380,-111.87271,4321],
  [151912,40.55333,-111.81884,5006],
  [180593,40.70819,-112.09878,4284],
  [189031,40.64005,-111.93181,4331],
  [189657,40.66749,-111.90157,4285],
  [189694,40.67412,-111.87898,4295],
  [190415,40.59649,-111.80126,4910],
  [192375,40.69491,-111.85545,4347],
  [199645,40.59021,-111.83429,4818],
  [205861,40.69498,-111.81860,4651],
  [206185,40.49757,-112.03069,4981],
  [235753,40.54298,-112.04023,4982],
  [240129,40.55298,-111.99324,4804],
  [241985,40.67030,-112.00143,4473],
  [242039,40.66953,-111.96611,4373],
  [243073,40.58534,-111.88774,4476],
  [243971,40.64827,-111.89851,4318],
  [243975,40.72264,-111.93582,4235],
  [243993,40.61144,-111.91240,4347],
  [254023,40.74701,-111.83875,4650],
  [262151,40.60068,-112.04675,4990],
  [271313,40.70921,-111.83775,4509],
  [278649,40.75958,-111.92369,4228],
  [280142,40.61333,-111.81431,4835],
  [282206,40.57610,-111.78776,5256],
  [283230,40.60684,-111.93956,4378],
  [298359,40.57040,-111.76149,5604],
  [301861,40.57537,-111.81477,5063],
  [302286,40.61195,-112.00414,4674],
  [302494,40.73189,-111.85636,4390],
  [316393,40.56217,-112.01752,4901],
]
